3927
1519
-1037
-3499
-5616
-7176
-8041
-8112
-7390
-5951
-3916
-1503
1057
3514
5629
7192
8048
8120
7405
5963
3930
1518
-1038
-3501
-5614
-7174
-8041
-8111
-7389
-5945
-3912
-1504
1057
3512
5630
7192
8047
8125
7405
5959
3931
1519
-1049
-3501
-5614
-7177
-8040
-8112
-7388
-5947
-3914
-1503
1059
3512
5631
7191
8050
8120
7404
5961
3933
1514
-1039
-3500
-5614
-7177
-8041
-8111
-7390
-5945
-3917
-1502
1057
3512
5628
7193
8048
8123
7404
5961
3929
1523
-1040
-3500
-5615
-7179
-8039
-8109
-7389
-5945
-3916
-1500
1054
3514
5629
7189
8049
8122
7404
5961
3929
1521
-1042
-3499
-5614
-7177
-8038
-8112
-7389
-5946
-3916
-1501
1052
3512
5632
7189
8052
8124
7406
5960
3929
1519
-1039
-3501
-5615
-7177
-8043
-8111
-7388
-5945
-3914
-1503
1058
3512
5630
7193
8050
8123
7403
5963
3930
1518
-1037
-3498
-5615
-7178
-8040
-8116
-7391
-5948
-3919
-1505
1059
3514
5631
7188
8052
8121
7406
5959
3931
1521
-1041
-3498
-5613
-7174
-8040
-8110
-7387
-5944
-3916
-1504
1057
3512
5631
7191
8049
8123
7405
5961
3929
1523
-1040
-3502
-5618
-7177
-8041
-8113
-7389
-5948
-3916
-1504
1056
3513
5631
7190
8049
8124
7402
5958
3929
1519
-1039
-3500
-5615
-7175
-8039
-8112
-7393
-5944
-3915
-1498
1056
3513
5623
7167
8108
8118
7405
5961
3929
1517
-1036
-3502
-5615
-7176
-8040
-8114
-7390
-5946
-3916
-1503
1056
3516
5629
7189
8048
8122
7407
5959
3930
1520
-1042
-3499
-5597
-7240
-8038
-8111
-7390
-5943
-3918
-1508
1058
3507
5643
7188
8037
8115
7400
5971
3935
1520
-1049
-3500
-5619
-7177
-8040
-8114
-7388
-5946
-3916
-1502
1056
3511
5629
7190
8050
8123
7407
5961
3933
1520
-1038
-3498
-5614
-7175
-8038
-8112
-7394
-5945
-3915
-1505
1057
3514
5629
7189
8051
8122
7403
5961
3933
1521
-1040
-3499
-5614
-7178
-8042
-8113
-7389
-5946
-3916
-1502
1056
3513
5631
7190
8048
8123
7406
5960
3931
1520
-1038
-3504
-5614
-7178
-8039
-8111
-7388
-5949
-3916
-1503
1055
3508
5627
7190
8047
8120
7404
5960
3930
1518
-1038
-3498
-5614
-7177
-8043
-8112
-7393
-5947
-3916
-1503
1058
3512
5631
7193
8049
8120
7407
5962
3929
1519
-1039
-3498
-5615
-7178
-8038
-8113
-7388
-5946
-3919
-1503
1056
3515
5628
7189
8051
8121
7405
5962
3929
1519
-1040
-3499
-5614
-7175
-8040
-8112
-7390
-5948
-3915
-1502
1056
3513
5630
7192
8048
8124
7407
5960
3930
1520
-1037
-3502
-5612
-7179
-8042
-8112
-7388
-5945
-3916
-1504
1059
3516
5631
7192
8051
8120
7403
5961
3931
1523
-1038
-3500
-5616
-7178
-8041
-8113
-7392
-5946
-3917
-1505
1055
3513
5629
7191
8051
8123
7405
5961
3930
1519
-1040
-3498
-5613
-7178
-8038
-8114
-7389
-5947
-3921
-1504
1054
3510
5628
7191
8049
8126
7406
5960
3948
1536
-1042
-3503
-5619
-7175
-8040
-8114
-7388
-5946
-3916
-1504
1056
3510
5631
7188
8049
8123
7405
5959
3932
1522
-1035
-3498
-5616
-7196
-8040
-8115
-7387
-5946
-3914
-1503
1056
3507
5618
7203
8055
8092
7395
5977
3942
1514
-1039
-3499
-5611
-7173
-8036
-8113
-7390
-5947
-3918
-1503
